68 2
15 -0.30007768 1.5018809
46 -0.3469778 1.5701144
21 -0.3253361 1.5432625
19 -0.3110256 1.5320044
23 -0.340079 1.5322896
24 -4.5889635 -1.0696155
30 -4.3758893 -1.0034895
16 -0.36657318 1.4511267
35 -4.408372 -1.0286105
36 -4.1834598 -0.962569
47 -0.31897977 1.5344177
28 -4.6878276 -1.0444283
14 -3.0406413 -0.43342933
45 -5.0413694 -1.094386
22 -0.068989635 4.3770285
63 -0.68525016 3.076254
6 -4.4893336 -0.9078816
7 -4.417339 -0.8795072
53 -0.65627074 2.9098172
40 -0.079265065 4.16264
18 -0.052341633 4.487625
55 -4.5048056 -0.9049604
8 -3.133351 -0.41129175
25 -0.098352134 4.8296657
11 -0.6374104 2.975387
5 -0.5800314 2.9032938
44 -0.18028706 4.811073
2 -2.3082757 -0.12556595
50 -4.349075 -0.87933755
38 -2.2816982 -0.076405205
65 -2.6593447 5.627454
57 -0.11950428 4.750943
3 -2.3054857 -0.008571125
31 -2.5526595 5.3775926
26 -0.060741033 4.8383822
29 -2.7154644 5.6684504
39 -2.3336825 -0.07210186
56 -2.6441817 5.748683
4 -2.4473767 -0.23040836
59 -2.422365 -0.23168623
64 -0.3279033 1.5207304
9 -3.1285367 -0.39030263
60 -2.9284544 -0.4001563
43 -3.1846185 -0.42300335
66 -0.22556338 1.5751286
61 -0.2796051 1.5708263
41 -3.3099782 -0.4535018
13 -0.050739452 4.1168723
51 -3.9163878 0.0018073235
32 -3.6982737 -0.5439333
33 -3.9384751 -0.052383017
48 -3.840581 -0.53580976
20 -0.8483989 3.998608
49 -0.032802127 4.116852
54 -0.95927185 4.0784264
34 -4.1654515 -0.049687494
42 -4.385581 -0.08404624
62 -0.025924126 4.2328067
37 -3.8666775 0.06644014
1 -3.8537514 0.06909385
27 -0.32985008 1.6224096
17 -0.6737122 6.4584026
52 -0.45451468 6.478065
12 -0.122813635 4.477614
10 -0.5142851 3.0223153
67 -0.093749925 4.9228024
58 -0.41179547 3.1601727
68 -0.41971338 1.6143749
